milage:
5.000000
25.000000
45.000000
85.000000
115.000000
145.000000
175.000000
205.000000
210.000000
240.000000
260.000000
300.000000
330.000000
360.000000
400.000000
430.000000
470.000000
stop
5.000000
25.000000
55.000000
75.000000
95.000000
100.000000
120.000000
150.000000
190.000000
195.000000
215.000000
245.000000
250.000000
280.000000
310.000000
330.000000
360.000000
390.000000
410.000000
440.000000
445.000000
485.000000
525.000000
565.000000
585.000000
590.000000
595.000000
635.000000
675.000000
680.000000
720.000000
740.000000
745.000000
750.000000
780.000000
820.000000
825.000000
845.000000
865.000000
895.000000
915.000000
955.000000
stop
30.000000
70.000000
110.000000
115.000000
120.000000
140.000000
160.000000
165.000000
195.000000
215.000000
235.000000
275.000000
315.000000
320.000000
325.000000
345.000000
385.000000
415.000000
435.000000
440.000000
445.000000
475.000000
505.000000
510.000000
530.000000
535.000000
555.000000
585.000000
590.000000
610.000000
640.000000
645.000000
675.000000
705.000000
745.000000
765.000000
785.000000
815.000000
845.000000
875.000000
880.000000
stop
20.000000
25.000000
65.000000
105.000000
145.000000
150.000000
170.000000
190.000000
230.000000
260.000000
265.000000
285.000000
305.000000
310.000000
350.000000
370.000000
390.000000
395.000000
415.000000
455.000000
495.000000
515.000000
545.000000
585.000000
605.000000
635.000000
640.000000
645.000000
665.000000
685.000000
705.000000
725.000000
730.000000
750.000000
770.000000
790.000000
795.000000
825.000000
830.000000
870.000000
890.000000
930.000000
960.000000
980.000000
1020.000000
stop
